      0.00000      0.00000      255.000
     0.769231      1.53846      255.000
      1.53846      3.07692      255.000
      2.30769      4.61538      255.000
      3.07692      6.15385      255.000
      3.84615      7.69231      255.000
      4.61538      9.23077      255.000
      5.38462      10.7692      255.000
      6.15385      12.3077      255.000
      6.92308      13.8462      255.000
      7.69231      15.3846      255.000
      8.46154      16.9231      255.000
      9.23077      18.4615      255.000
      10.0000      20.0000      255.000
      11.5385      32.6154      255.000
      13.0769      45.2308      255.000
      14.6154      57.8462      255.000
      16.1538      70.4615      255.000
      17.6923      83.0769      255.000
      19.2308      95.6923      255.000
      20.7692      108.308      255.000
      22.3077      120.923      255.000
      23.8462      133.538      255.000
      25.3846      146.154      255.000
      26.9231      158.769      255.000
      28.4615      171.385      255.000
      30.0000      184.000      255.000
      33.8462      187.923      255.000
      37.6923      191.846      255.000
      41.5385      195.769      255.000
      45.3846      199.692      255.000
      49.2308      203.615      255.000
      53.0769      207.538      255.000
      56.9231      211.462      255.000
      60.7692      215.385      255.000
      64.6154      219.308      255.000
      68.4615      223.231      255.000
      72.3077      227.154      255.000
      76.1538      231.077      255.000
      80.0000      235.000      255.000
      88.5385      235.308      254.615
      97.0769      235.615      254.231
      105.615      235.923      253.846
      114.154      236.231      253.462
      122.692      236.538      253.077
      131.231      236.846      252.692
      139.769      237.154      252.308
      148.308      237.462      251.923
      156.846      237.769      251.538
      165.385      238.077      251.154
      173.923      238.385      250.769
      182.462      238.692      250.385
      191.000      239.000      250.000
      193.846      239.077      249.615
      196.692      239.154      249.231
      199.538      239.231      248.846
      202.385      239.308      248.462
      205.231      239.385      248.077
      208.077      239.462      247.692
      210.923      239.538      247.308
      213.769      239.615      246.923
      216.615      239.692      246.538
      219.462      239.769      246.154
      222.308      239.846      245.769
      225.154      239.923      245.385
      228.000      240.000      245.000
      229.182      240.091      242.000
      230.364      240.182      239.000
      231.545      240.273      236.000
      232.727      240.364      233.000
      233.909      240.455      230.000
      235.091      240.545      227.000
      236.273      240.636      224.000
      237.455      240.727      221.000
      238.636      240.818      218.000
      239.818      240.909      215.000
      241.000      241.000      212.000
      241.000      241.000      212.000
      241.364      240.909      208.636
      241.727      240.818      205.273
      242.091      240.727      201.909
      242.455      240.636      198.545
      242.818      240.545      195.182
      243.182      240.455      191.818
      243.545      240.364      188.455
      243.909      240.273      185.091
      244.273      240.182      181.727
      244.636      240.091      178.364
      245.000      240.000      175.000
      245.231      239.615      171.538
      245.462      239.231      168.077
      245.692      238.846      164.615
      245.923      238.462      161.154
      246.154      238.077      157.692
      246.385      237.692      154.231
      246.615      237.308      150.769
      246.846      236.923      147.308
      247.077      236.538      143.846
      247.308      236.154      140.385
      247.538      235.769      136.923
      247.769      235.385      133.462
      248.000      235.000      130.000
      248.146      232.615      122.942
      248.292      230.231      115.885
      248.438      227.846      108.827
      248.585      225.462      101.769
      248.731      223.077      94.7115
      248.877      220.692      87.6539
      249.023      218.308      80.5962
      249.169      215.923      73.5385
      249.315      213.538      66.4808
      249.462      211.154      59.4231
      249.608      208.769      52.3654
      249.754      206.385      45.3077
      249.900      204.000      38.2500
      249.312      200.077      36.2885
      248.723      196.154      34.3269
      248.135      192.231      32.3654
      247.546      188.308      30.4038
      246.958      184.385      28.4423
      246.369      180.462      26.4808
      245.781      176.538      24.5192
      245.192      172.615      22.5577
      244.604      168.692      20.5962
      244.015      164.769      18.6346
      243.427      160.846      16.6731
      242.838      156.923      14.7115
      242.250      153.000      12.7500
      239.308      147.115      11.7692
      236.365      141.231      10.7885
      233.423      135.346      9.80769
      230.481      129.462      8.82692
      227.538      123.577      7.84615
      224.596      117.692      6.86539
      221.654      111.808      5.88461
      218.712      105.923      4.90385
      215.769      100.038      3.92308
      212.827      94.1538      2.94231
      209.885      88.2692      1.96154
      206.942      82.3846     0.980769
      204.000      76.5000      0.00000
      201.000      73.0769      2.46154
      198.000      69.6538      4.92308
      195.000      66.2308      7.38462
      192.000      62.8077      9.84616
      189.000      59.3846      12.3077
      186.000      55.9615      14.7692
      183.000      52.5385      17.2308
      180.000      49.1154      19.6923
      177.000      45.6923      22.1538
      174.000      42.2692      24.6154
      171.000      38.8462      27.0769
      168.000      35.4231      29.5385
      165.000      32.0000      32.0000
      161.077      29.5385      32.0000
      157.154      27.0769      32.0000
      153.231      24.6154      32.0000
      149.308      22.1538      32.0000
      145.385      19.6923      32.0000
      141.462      17.2308      32.0000
      137.538      14.7692      32.0000
      133.615      12.3077      32.0000
      129.692      9.84615      32.0000
      125.769      7.38462      32.0000
      121.846      4.92308      32.0000
      117.923      2.46154      32.0000
      114.000      0.00000      32.0000
      115.038      9.80769      41.3077
      116.077      19.6154      50.6154
      117.115      29.4231      59.9231
      118.154      39.2308      69.2308
      119.192      49.0385      78.5385
      120.231      58.8462      87.8462
      121.269      68.6538      97.1539
      122.308      78.4615      106.462
      123.346      88.2692      115.769
      124.385      98.0769      125.077
      125.423      107.885      134.385
      126.462      117.692      143.692
      127.500      127.500      153.000
      131.423      131.423      156.923
      135.346      135.346      160.846
      139.269      139.269      164.769
      143.192      143.192      168.692
      147.115      147.115      172.615
      151.038      151.038      176.538
      154.962      154.962      180.462
      158.885      158.885      184.385
      162.808      162.808      188.308
      166.731      166.731      192.231
      170.654      170.654      196.154
      174.577      174.577      200.077
      178.500      178.500      204.000
      180.462      180.462      205.962
      182.423      182.423      207.923
      184.385      184.385      209.885
      186.346      186.346      211.846
      188.308      188.308      213.808
      190.269      190.269      215.769
      192.231      192.231      217.731
      194.192      194.192      219.692
      196.154      196.154      221.654
      198.115      198.115      223.615
      200.077      200.077      225.577
      202.038      202.038      227.538
      204.000      204.000      229.500
      205.962      205.962      230.481
      207.923      207.923      231.462
      209.885      209.885      232.442
      211.846      211.846      233.423
      213.808      213.808      234.404
      215.769      215.769      235.385
      217.731      217.731      236.365
      219.692      219.692      237.346
      221.654      221.654      238.327
      223.615      223.615      239.308
      225.577      225.577      240.288
      227.538      227.538      241.269
      229.500      229.500      242.250
      230.481      230.481      242.838
      231.462      231.462      243.427
      232.442      232.442      244.015
      233.423      233.423      244.604
      234.404      234.404      245.192
      235.385      235.385      245.781
      236.365      236.365      246.369
      237.346      237.346      246.958
      238.327      238.327      247.546
      239.308      239.308      248.135
      240.288      240.288      248.723
      241.269      241.269      249.312
      242.250      242.250      249.900
      242.642      242.642      250.096
      243.035      243.035      250.292
      243.427      243.427      250.488
      243.819      243.819      250.685
      244.212      244.212      250.881
      244.604      244.604      251.077
      244.996      244.996      251.273
      245.388      245.388      251.469
      245.781      245.781      251.665
      246.173      246.173      251.862
      246.565      246.565      252.058
      246.958      246.958      252.254
      247.350      247.350      252.450
      247.814      247.814      252.682
      248.277      248.277      252.914
      248.741      248.741      253.145
      249.205      249.205      253.377
      249.668      249.668      253.609
      250.132      250.132      253.841
      250.595      250.595      254.073
      251.059      251.059      254.305
      251.523      251.523      254.536
      251.986      251.986      254.768
      252.450      252.450      255.000
